12711652770	3456	24681	28137
12711785770	3456	24681	28137
13411455770	2481	12345	14826
13411635770	2481	12345	14826
13511623770	2481	24681	27162
13511645770	2481	24681	27162
13711347770	2481	13411	15892
13711454530	2324	24681	27005
13711614530	2324	24681	27005
13711645770	2481	13411	15892
15111617770	2481	24681	27162
15811018770	2481	24681	27162
15811458770	1231	24681	25912
15811645770	2481	24681	27162
15811855770	1231	24681	25912
15813498770	2481	24681	27162
15818895770	2481	24681	27162
18211187770	2481	24681	27162
18211235770	2481	24681	27162
18211646870	2481	24681	27162
18211687770	2481	24681	27162
18213123520	6643	4632	11275
18213216520	6643	4632	11275
